# Num Points
22
# Coordinates
2.8497189605540285e-01 -1.3877787807814457e-17 0.0000000000000000e+00
6.6483884502196300e-01 -1.3877787807814457e-17 0.0000000000000000e+00
4.9299020065546650e-01 3.3838828850416647e-01 0.0000000000000000e+00
6.7056843136956112e-01 1.8140059012478582e-01 0.0000000000000000e+00
4.0818887951441080e-01 3.1836265175670359e-01 0.0000000000000000e+00
1.0000000000000000e+00 0.0000000000000000e+00 0.0000000000000000e+00
8.7961937849979266e-01 2.7665782258413912e-01 0.0000000000000000e+00
1.0000000000000000e+00 2.2765758315910900e-01 0.0000000000000000e+00
0.0000000000000000e+00 0.0000000000000000e+00 0.0000000000000000e+00
0.0000000000000000e+00 4.4767364807863663e-01 0.0000000000000000e+00
1.4027929527417049e-01 4.6685770553464234e-01 0.0000000000000000e+00
6.3020345691947466e-01 6.0348931215618629e-01 0.0000000000000000e+00
8.4763113150226377e-01 4.1784226715321204e-01 0.0000000000000000e+00
1.0000000000000000e+00 5.5250851699567527e-01 0.0000000000000000e+00
3.4546020777712549e-01 7.4963012975492482e-01 0.0000000000000000e+00
6.2995396811226301e-01 6.2276373314634093e-01 0.0000000000000000e+00
6.8108885466572433e-01 6.8083042005638006e-01 0.0000000000000000e+00
1.0000000000000000e+00 6.9119815519943939e-01 0.0000000000000000e+00
2.6078787963106587e-01 1.0000000000000000e+00 0.0000000000000000e+00
0.0000000000000000e+00 1.0000000000000000e+00 0.0000000000000000e+00
7.1158919683842869e-01 1.0000000000000000e+00 0.0000000000000000e+00
1.0000000000000000e+00 1.0000000000000000e+00 0.0000000000000000e+00
# NumPolygons
10
# PolygonId NumVertices
0 5
# Vertices 
1 3 2 4 0
# PolygonId NumVertices
1 5
# Vertices 
5 7 6 3 1
# PolygonId NumVertices
2 5
# Vertices 
0 4 10 9 8
# PolygonId NumVertices
3 5
# Vertices 
12 11 2 3 6
# PolygonId NumVertices
4 4
# Vertices 
7 13 12 6
# PolygonId NumVertices
5 6
# Vertices 
2 11 15 14 10 4
# PolygonId NumVertices
6 6
# Vertices 
16 15 11 12 13 17
# PolygonId NumVertices
7 5
# Vertices 
18 19 9 10 14
# PolygonId NumVertices
8 4
# Vertices 
17 21 20 16
# PolygonId NumVertices
9 5
# Vertices 
15 16 20 18 14
