# Num Points
52
# Coordinates
0.0000000000000000e+00 0.0000000000000000e+00 0.0000000000000000e+00
1.4289364679075489e-02 0.0000000000000000e+00 0.0000000000000000e+00
1.5019934007478139e-01 1.6843663687801469e-01 0.0000000000000000e+00
1.2568324960085139e-01 2.4647339347005995e-01 0.0000000000000000e+00
0.0000000000000000e+00 2.9097943598294218e-01 0.0000000000000000e+00
2.7980266642847046e-01 0.0000000000000000e+00 0.0000000000000000e+00
2.5537810990383247e-01 1.2407025814138625e-01 0.0000000000000000e+00
3.5807509001676852e-01 2.2952101623407967e-01 0.0000000000000000e+00
4.8208516898752174e-01 1.3877787807814457e-17 0.0000000000000000e+00
4.8440662049122674e-01 9.7761743074754825e-02 0.0000000000000000e+00
6.9741629181820164e-01 0.0000000000000000e+00 0.0000000000000000e+00
5.6504320025759569e-01 1.8144318964971473e-01 0.0000000000000000e+00
7.2016641547394344e-01 1.0891293230079684e-01 0.0000000000000000e+00
6.7753707300199351e-01 1.8552408427135605e-01 0.0000000000000000e+00
9.7724172822315958e-01 -6.9388939039072284e-18 0.0000000000000000e+00
8.5992809983158003e-01 1.3972031217854031e-01 0.0000000000000000e+00
2.0982521690294520e-01 3.2091133545647466e-01 0.0000000000000000e+00
3.5782107285555464e-01 2.5847897836221867e-01 0.0000000000000000e+00
2.8806068071560836e-01 3.1367918668299472e-01 0.0000000000000000e+00
5.0546619180988472e-01 3.6816857510704387e-01 0.0000000000000000e+00
6.3630857698311183e-01 4.3364048064298238e-01 0.0000000000000000e+00
7.1100524823459677e-01 2.6891151475214248e-01 0.0000000000000000e+00
5.1961709486769447e-01 3.9696553750027713e-01 0.0000000000000000e+00
8.8016427520074081e-01 2.7220216875591907e-01 0.0000000000000000e+00
1.0000000000000000e+00 0.0000000000000000e+00 0.0000000000000000e+00
1.0000000000000000e+00 3.3178417923067693e-01 0.0000000000000000e+00
9.3741620420044458e-01 3.2674452341720617e-01 0.0000000000000000e+00
1.5541922747918924e-01 4.5641807913415516e-01 0.0000000000000000e+00
0.0000000000000000e+00 4.6858231977856457e-01 0.0000000000000000e+00
3.2523009060318897e-01 5.9221889773678993e-01 0.0000000000000000e+00
3.4345423026521027e-01 5.5839719224559148e-01 0.0000000000000000e+00
6.6568912961337245e-01 4.7095143786746740e-01 0.0000000000000000e+00
7.9891198421289888e-01 4.6944739185151363e-01 0.0000000000000000e+00
1.0000000000000000e+00 6.5221905274229264e-01 0.0000000000000000e+00
9.4431555357049179e-01 6.5229010876486171e-01 0.0000000000000000e+00
0.0000000000000000e+00 6.2659477236711136e-01 0.0000000000000000e+00
2.4034295852583679e-01 6.9063140593981787e-01 0.0000000000000000e+00
3.2582727731151850e-01 6.2854743756392339e-01 0.0000000000000000e+00
6.3582137045732312e-01 6.7231635720552263e-01 0.0000000000000000e+00
4.7476651796813107e-01 7.2759220903314203e-01 0.0000000000000000e+00
7.4940967127582681e-01 7.5108905374679091e-01 0.0000000000000000e+00
7.7842452553902253e-01 7.5394767603489476e-01 0.0000000000000000e+00
0.0000000000000000e+00 8.5054500091042318e-01 0.0000000000000000e+00
1.9819013841081301e-01 8.1669780713720852e-01 0.0000000000000000e+00
4.6934837815594599e-01 1.0000000000000000e+00 0.0000000000000000e+00
2.6883372971495789e-01 1.0000000000000000e+00 0.0000000000000000e+00
8.2180348728410257e-01 8.3565603820754430e-01 0.0000000000000000e+00
1.0000000000000000e+00 9.5670772744137822e-01 0.0000000000000000e+00
0.0000000000000000e+00 1.0000000000000000e+00 0.0000000000000000e+00
6.1777470088482977e-01 1.0000000000000000e+00 0.0000000000000000e+00
7.8035596056315593e-01 1.0000000000000000e+00 0.0000000000000000e+00
1.0000000000000000e+00 1.0000000000000000e+00 0.0000000000000000e+00
# NumPolygons
25
# PolygonId NumVertices
0 5
# Vertices 
1 2 3 4 0
# PolygonId NumVertices
1 4
# Vertices 
5 6 2 1
# PolygonId NumVertices
2 5
# Vertices 
7 6 5 8 9
# PolygonId NumVertices
3 6
# Vertices 
10 12 13 11 9 8
# PolygonId NumVertices
4 4
# Vertices 
14 15 12 10
# PolygonId NumVertices
5 7
# Vertices 
2 6 7 17 18 16 3
# PolygonId NumVertices
6 5
# Vertices 
19 17 7 9 11
# PolygonId NumVertices
7 6
# Vertices 
19 11 13 21 20 22
# PolygonId NumVertices
8 5
# Vertices 
13 12 15 23 21
# PolygonId NumVertices
9 6
# Vertices 
24 25 26 23 15 14
# PolygonId NumVertices
10 5
# Vertices 
16 27 28 4 3
# PolygonId NumVertices
11 5
# Vertices 
18 30 29 27 16
# PolygonId NumVertices
12 5
# Vertices 
19 22 30 18 17
# PolygonId NumVertices
13 6
# Vertices 
26 32 31 20 21 23
# PolygonId NumVertices
14 5
# Vertices 
33 34 32 26 25
# PolygonId NumVertices
15 6
# Vertices 
27 29 37 36 35 28
# PolygonId NumVertices
16 8
# Vertices 
31 38 39 37 29 30 22 20
# PolygonId NumVertices
17 6
# Vertices 
32 34 41 40 38 31
# PolygonId NumVertices
18 4
# Vertices 
36 43 42 35
# PolygonId NumVertices
19 6
# Vertices 
44 45 43 36 37 39
# PolygonId NumVertices
20 5
# Vertices 
46 41 34 33 47
# PolygonId NumVertices
21 4
# Vertices 
43 45 48 42
# PolygonId NumVertices
22 5
# Vertices 
39 38 40 49 44
# PolygonId NumVertices
23 5
# Vertices 
49 40 41 46 50
# PolygonId NumVertices
24 4
# Vertices 
46 47 51 50
